[Description]
Title: Lucky strike
Artist: Maroon 5

[Audio]
BPM: 144
Offset: 1500
Signature: 4/4
[Note]
1130, 0, 0
1983, 0, 4
3605, 0, 1
5311, 0, 3
6954, 0, 2
7381, 0, 0
7765, 0, 4
8192, 0, 1
8618, 0, 3
9130, 0, 2
9429, 0, 4
9855, 0, 0
10261, 0, 1
10709, 0, 3
11114, 0, 2
11477, 0, 0
11904, 0, 4
12330, 0, 1
12736, 0, 3
13589, 0, 0
14378, 0, 4
15295, 0, 1
16063, 0, 2
16938, 0, 3
17770, 0, 4
18559, 0, 0
19007, 0, 3
19392, 0, 1
20288, 0, 2
21098, 0, 4
21930, 0, 0
22784, 1, 4, 23530
23637, 0, 0
24405, 0, 3
25258, 1, 0, 26026
26154, 0, 3
26901, 0, 1
27775, 0, 2
28159, 0, 0
28565, 0, 4
29397, 0, 1
29866, 0, 3
30271, 0, 0
31104, 0, 4
31871, 1, 1, 32768
32938, 0, 3
33237, 0, 0
33599, 0, 4
34453, 0, 2
35221, 0, 1
36096, 0, 3
36928, 1, 0, 37418
37738, 0, 4
38527, 0, 0
39338, 1, 3, 39914
40192, 0, 2
41088, 0, 1
41855, 0, 3
42282, 0, 0
42709, 0, 4
43093, 0, 2
43541, 1, 4, 44245
44458, 0, 0
45226, 1, 2, 45781
46058, 0, 1
46464, 0, 2
46890, 0, 3
47743, 0, 0
48618, 0, 4
49429, 0, 2
50261, 0, 1
51114, 0, 3
51903, 0, 4
52672, 1, 0, 53269
53568, 0, 1
54421, 0, 0
55274, 1, 3, 55893
56127, 0, 2
56938, 0, 4
57749, 0, 0
58560, 1, 1, 59157
59456, 0, 2
59797, 0, 0
60266, 0, 3
61098, 0, 4
62015, 0, 1
62784, 0, 3
63637, 0, 2
64469, 1, 2, 64959
65258, 0, 0
66069, 0, 3
66922, 0, 1
67754, 1, 4, 68458
68608, 0, 0
69418, 0, 4
70229, 1, 0, 70869
71146, 0, 2
71978, 0, 3
72277, 0, 3
72767, 0, 1
73578, 0, 4
74410, 0, 0
75263, 0, 2
76117, 0, 1
76949, 0, 4
77760, 1, 1, 78378
78592, 0, 3
79360, 0, 2
79829, 0, 1
80255, 0, 0
80704, 0, 4
81109, 0, 3
81472, 1, 0, 82261
82730, 0, 4
83221, 0, 0
83626, 0, 3
84458, 0, 2
84863, 1, 3, 85653
85973, 0, 0
86527, 0, 4
86890, 0, 1
87807, 0, 2
88597, 1, 1, 89365
89514, 0, 3
90304, 0, 0
91093, 0, 4
91968, 0, 1
92757, 1, 4, 93461
93610, 0, 0
94442, 0, 3
95274, 0, 2
96064, 1, 2, 96810
97024, 0, 4
97791, 0, 0
98197, 0, 3
98581, 0, 1
99434, 0, 2
100202, 1, 0, 101055
101098, 1, 4, 101930
101994, 1, 1, 102655
102783, 1, 3, 103424
103722, 0, 0
104426, 0, 4
105216, 0, 1
106069, 0, 3
106901, 0, 2
107797, 1, 3, 108458
108608, 0, 0
109440, 0, 4
110229, 1, 1, 110890
111146, 1, 4, 111829
111978, 0, 1
112767, 0, 3
113109, 0, 0
113578, 0, 2
114431, 0, 1
115306, 1, 4, 116608
116949, 1, 0, 118421
118613, 1, 3, 120255
121130, 0, 4
120298, 1, 1, 121152
121919, 0, 0
122816, 0, 3
123583, 1, 3, 124416
124480, 0, 1
125290, 0, 2
126080, 0, 0
126527, 0, 3
127807, 0, 4
128661, 0, 1
129450, 0, 3
130304, 1, 1, 131093
131178, 0, 4
131946, 0, 2
132778, 0, 3
133567, 1, 3, 134293
134464, 0, 0
135274, 0, 3
136149, 0, 1
136917, 0, 2
137813, 1, 3, 138517
138666, 0, 0
139477, 0, 4
139882, 0, 2
140309, 0, 3
141973, 0, 0
142762, 0, 1
143573, 0, 3
144490, 0, 2
145279, 0, 3
146111, 0, 0
146922, 0, 1
147690, 0, 4
148138, 0, 0
148544, 0, 3
148970, 0, 2
149418, 0, 1
149909, 0, 4
150399, 0, 0
150698, 0, 3
151167, 1, 0, 151871
151957, 0, 1
152768, 0, 3
153600, 0, 2
154005, 0, 4
154325, 0, 1
154837, 0, 3
155285, 1, 4, 155968
156138, 0, 2
156565, 0, 4
156927, 0, 0
157333, 0, 3
157717, 0, 1
158549, 1, 3, 159296
159445, 0, 2
159807, 0, 3
160277, 0, 0
160661, 0, 1
161173, 1, 3, 161877
162005, 1, 1, 162666
162837, 0, 4
163221, 0, 0
163605, 0, 3
163989, 0, 2
164416, 0, 1
165205, 1, 2, 165909
166101, 0, 0
166527, 0, 3
166869, 0, 2
167786, 1, 0, 168469
168597, 0, 4
169408, 0, 0
169792, 0, 3
170240, 0, 1
170666, 0, 4
171072, 0, 2
171968, 0, 0
172778, 0, 3
173610, 0, 1
174485, 0, 2
175317, 0, 1
176042, 1, 3, 176768
176895, 1, 1, 177621
177749, 0, 3
178602, 0, 4
178986, 0, 0
179413, 0, 1
180287, 0, 4
181119, 1, 4, 181781
181951, 0, 2
182378, 0, 0
182741, 0, 3
183594, 1, 0, 184063
184469, 0, 4
185194, 0, 1
