[Description]
Title: Lalalalalalalalalala
Artist: Mikolas Josef

[Audio]
BPM: 122
Offset: 1500
Signature: 4/4

[Note]
8938, 0, 0
9215, 0, 3
10133, 0, 1
11093, 0, 2
12138, 0, 4
14762, 0, 2
16021, 0, 0
17002, 0, 1
18090, 0, 4
19050, 0, 3
20010, 0, 2
20970, 0, 4
21866, 0, 1
22911, 0, 3
23893, 0, 0
25023, 0, 4
25877, 0, 1
26837, 0, 3
27839, 0, 2
28842, 0, 3
29802, 0, 0
30826, 0, 4
31765, 1, 0, 32341
32725, 1, 4, 33322
33770, 1, 0, 34517
34794, 1, 3, 35519
35690, 1, 1, 36330
36693, 0, 3
37183, 0, 1
37717, 0, 4
38698, 0, 0
39679, 0, 2
40597, 0, 3
41578, 0, 1
42559, 0, 4
43605, 1, 2, 44202
44565, 0, 3
45567, 0, 0
46527, 0, 1
47530, 1, 3, 48319
48490, 1, 0, 49279
49514, 1, 4, 50303
50474, 1, 1, 51007
51477, 0, 4
52458, 0, 0
53439, 0, 3
54399, 0, 2
55445, 0, 1
55871, 0, 4
56405, 0, 0
59306, 0, 3
59797, 0, 2
60309, 0, 1
61333, 0, 4
62314, 0, 0
63295, 0, 3
64234, 0, 1
65215, 0, 4
66218, 0, 0
67221, 0, 2
68159, 0, 1
69119, 0, 3
70122, 0, 4
71146, 0, 0
72085, 1, 4, 72917
73087, 1, 1, 73877
74111, 1, 3, 74837
75135, 0, 4
76202, 0, 2
77055, 0, 3
77994, 0, 1
79018, 0, 0
79530, 0, 4
80021, 0, 3
81023, 0, 1
82005, 0, 2
82922, 0, 4
83434, 0, 0
83989, 0, 1
84949, 0, 3
85930, 0, 4
86869, 0, 0
87850, 0, 3
88874, 1, 2, 89663
89877, 1, 0, 90581
90837, 1, 4, 91583
91839, 0, 0
92330, 0, 3
93269, 0, 1
94229, 0, 4
94719, 1, 1, 95317
95679, 0, 2
96767, 1, 3, 97471
97706, 0, 0
98666, 0, 3
99199, 0, 1
99647, 0, 4
100650, 0, 3
101631, 0, 0
102634, 0, 2
103679, 0, 1
104639, 0, 4
105535, 0, 0
106559, 0, 3
107007, 0, 1
107519, 0, 4
108565, 0, 0
109503, 0, 2
110506, 0, 1
111487, 0, 4
112469, 1, 0, 113343
113450, 1, 4, 114197
114410, 0, 0
115391, 0, 3
116351, 0, 2
117397, 0, 1
118357, 1, 1, 119274
119359, 1, 4, 120362
120405, 1, 0, 121237
121343, 1, 3, 122026
122346, 1, 2, 123114
123327, 0, 3
124351, 0, 0
125269, 0, 4
126207, 0, 2
127210, 0, 1
128192, 0, 4
129151, 1, 4, 129877
130197, 0, 0
131157, 0, 3
132159, 0, 2
133141, 0, 4
134079, 1, 2, 135829
136063, 1, 0, 136959
137066, 1, 3, 138922
139029, 0, 0
140010, 0, 3
140991, 0, 1
141930, 0, 4
142890, 1, 1, 143573
143935, 0, 2
144383, 0, 0
144874, 0, 3
145898, 0, 1
146901, 0, 4
147839, 0, 0
148842, 0, 2
149866, 0, 3
150975, 1, 2, 152618
152810, 0, 0
153770, 0, 3
154730, 0, 1
155711, 0, 4
156671, 0, 2
157695, 0, 3
158634, 1, 0, 159530
159679, 0, 4
160639, 0, 1
161599, 0, 2
162538, 0, 0
163519, 0, 3
164586, 0, 1
