[Description]
Title: A Thousand Miles
Artist: Vanessa Carlton

[Audio]
BPM: 95
Offset: 1500
Signature: 4/4

[Note]
1407, 0, 0
1791, 0, 3
2175, 0, 1
3391, 0, 4
3925, 0, 2
4394, 0, 0
4885, 0, 3
5525, 0, 4
6335, 0, 1
6847, 0, 2
7231, 0, 0
8447, 0, 3
8938, 0, 1
9407, 0, 4
9877, 0, 0
10431, 0, 2
11583, 0, 3
12245, 0, 0
12842, 0, 2
13354, 0, 1
14015, 0, 4
14655, 0, 2
15253, 0, 3
15893, 0, 0
16831, 0, 4
17237, 0, 3
17749, 0, 2
16597, 1, 1, 18517
19306, 0, 0
19733, 0, 2
20245, 0, 1
19114, 1, 3, 20906
22229, 0, 3
22826, 0, 1
23466, 0, 4
21631, 1, 0, 23829
24767, 0, 0
25386, 0, 2
25941, 0, 1
24149, 1, 4, 26282
27349, 0, 3
27967, 0, 1
28671, 0, 4
26730, 1, 2, 28927
29290, 0, 3
29845, 0, 0
30485, 0, 1
31146, 0, 2
31829, 0, 0
32319, 0, 4
32767, 0, 1
34346, 0, 3
34858, 0, 4
35285, 0, 1
36842, 0, 3
37397, 0, 0
37781, 0, 1
38485, 0, 2
38805, 1, 2, 40490
40639, 0, 4
41919, 0, 3
42346, 0, 0
44245, 0, 1
42837, 1, 3, 44095
44885, 0, 2
45354, 0, 3
46314, 0, 4
46805, 0, 0
47018, 0, 1
48127, 0, 4
48853, 0, 3
47466, 1, 1, 49407
49535, 0, 2
50154, 0, 3
50645, 0, 0
51370, 0, 4
52479, 0, 0
53013, 0, 1
53631, 0, 2
52010, 1, 4, 54143
54975, 0, 3
55509, 0, 4
56255, 0, 1
54463, 1, 0, 56746
57642, 0, 2
58218, 0, 0
58837, 0, 1
57130, 1, 3, 59263
59583, 0, 3
60095, 0, 0
60757, 0, 4
61397, 0, 1
61525, 0, 2
62143, 0, 0
62719, 0, 3
63338, 0, 4
64085, 0, 1
64639, 0, 3
65258, 0, 0
65855, 0, 4
66538, 0, 1
67157, 0, 2
67754, 0, 3
68309, 0, 0
68970, 0, 4
69546, 0, 1
70229, 0, 3
70869, 0, 2
71594, 0, 4
72789, 0, 0
73450, 0, 1
74133, 0, 2
72277, 1, 3, 74431
75327, 0, 4
75967, 0, 3
76671, 0, 2
74773, 1, 1, 77141
77418, 0, 3
78378, 0, 2
79061, 0, 4
79615, 0, 1
80362, 0, 3
80959, 0, 0
81621, 0, 2
82837, 0, 3
83498, 0, 1
84202, 0, 4
82282, 1, 2, 84522
85311, 0, 0
85951, 0, 2
86655, 0, 1
84799, 1, 3, 86933
87359, 0, 3
87871, 0, 0
88341, 0, 4
88917, 0, 1
89237, 0, 2
89941, 0, 3
90517, 0, 4
90922, 0, 0
91455, 0, 3
91797, 0, 2
92479, 0, 4
93034, 0, 2
93503, 0, 1
94015, 0, 3
94335, 0, 2
94954, 0, 0
97471, 0, 1
96213, 1, 3, 97301
97962, 0, 3
98517, 0, 4
99391, 0, 0
100010, 0, 2
100629, 0, 1
101269, 0, 3
102975, 0, 0
103551, 0, 1
104319, 0, 2
102463, 1, 3, 104554
105066, 0, 4
105557, 0, 3
106090, 0, 1
104725, 1, 0, 106431
107562, 0, 4
108074, 0, 2
108543, 0, 3
107285, 1, 1, 109525
110165, 1, 2, 110335
110591, 0, 0
111317, 0, 1
111850, 0, 2
109909, 1, 3, 112447
112682, 0, 3
113663, 0, 0
114517, 0, 4
117013, 0, 2
117141, 0, 1
117802, 0, 4
118271, 0, 3
118805, 0, 0
120213, 0, 4
120831, 0, 1
121343, 0, 2
122090, 0, 3
122773, 0, 0
123797, 0, 4
124735, 0, 1
125269, 0, 2
126250, 0, 3
127253, 0, 4
128362, 0, 3
129002, 0, 1
129685, 0, 4
127807, 1, 0, 130239
130965, 0, 0
131583, 0, 1
132223, 0, 2
130367, 1, 3, 132543
132885, 0, 4
133418, 0, 3
134143, 0, 2
132693, 1, 1, 134677
135359, 0, 0
135957, 0, 1
136575, 0, 2
134741, 1, 4, 136959
137557, 0, 3
137855, 0, 1
138922, 0, 4
139285, 0, 3
137130, 1, 2, 140245
140415, 1, 3, 140586
141034, 0, 0
141631, 0, 3
142101, 0, 1
142890, 0, 2
143573, 0, 0
144234, 0, 4
144725, 0, 1
145130, 1, 1, 147135
147306, 0, 3
148010, 0, 4
148522, 0, 0
149226, 0, 3
149759, 0, 2
150485, 0, 1
151125, 0, 2
151679, 0, 0
152383, 0, 4
153599, 0, 0
154197, 0, 2
154901, 0, 1
153109, 1, 3, 155199
155669, 0, 3
156223, 0, 4
156799, 0, 2
155285, 1, 1, 157205
158165, 0, 0
158655, 0, 2
159317, 0, 1
157482, 1, 4, 159658
160298, 0, 4
161087, 0, 3
161770, 0, 2
159935, 1, 0, 162133
163178, 0, 3
163775, 0, 4
164351, 0, 1
162453, 1, 2, 164949
165717, 0, 2
166271, 0, 0
166805, 0, 3
167487, 0, 4
168170, 0, 1
168789, 0, 3
169173, 0, 0
169770, 0, 4
170090, 0, 1
170389, 0, 2
170751, 0, 0
171285, 0, 3
171839, 0, 4
172714, 0, 1
173333, 0, 2
173738, 0, 0
174165, 0, 3
174485, 0, 4
175146, 0, 1
175850, 0, 3
177087, 1, 3, 179263
179775, 0, 0
180117, 0, 3
180543, 0, 1
182101, 0, 4
183317, 0, 2
184703, 0, 1
185877, 0, 3
187157, 0, 0
188245, 0, 4
189439, 0, 2
189695, 0, 4
190143, 0, 3
188757, 1, 1, 190570
191167, 0, 4
191765, 0, 3
192149, 0, 0
192767, 0, 2
193514, 0, 1
194794, 0, 3
195711, 1, 2, 196735
196757, 1, 3, 198826
199573, 0, 0
199999, 0, 4
200597, 0, 1
201663, 0, 3
202261, 0, 2
202858, 0, 0
204735, 0, 0
203349, 1, 4, 204479
205247, 0, 4
205823, 0, 2
206719, 0, 3
207893, 0, 4
208618, 0, 3
209365, 0, 2
207295, 1, 0, 209685
210453, 0, 4
211071, 0, 3
211733, 0, 4
209919, 1, 1, 212031
212458, 0, 0
213013, 0, 2
213589, 0, 1
214357, 0, 3
212245, 1, 3, 214122
214912, 0, 1
215509, 0, 4
214186, 1, 2, 215914
216192, 0, 2
216853, 0, 4
217578, 0, 3
216106, 1, 0, 218666
219349, 0, 2
219626, 0, 4
219989, 0, 1
221013, 0, 3
221930, 1, 4, 224170
225066, 0, 0
225215, 0, 3
226965, 1, 3, 231146
232170, 0, 1
232703, 0, 4
233215, 0, 0
233663, 0, 3
234261, 0, 2