[Description]
Title: Ditto
Artist: New Jeans

[Audio]
BPM: 134
Offset: 2000
Signature: 4/4

[Note]
2431, 0, 4
4351, 0, 0
5930, 0, 3
7679, 0, 1
9535, 0, 4
11306, 0, 0
14933, 1, 4, 16255
16703, 1, 0, 18005
18517, 1, 3, 19818
20266, 1, 1, 21610
22122, 0, 3
23893, 0, 1
25642, 0, 4
29247, 0, 0
31018, 0, 4
32810, 0, 1
34602, 0, 3
36437, 1, 4, 37098
38186, 1, 0, 38847
39999, 0, 3
40917, 0, 1
41813, 0, 3
42666, 0, 1
43541, 0, 4
45375, 0, 0
47167, 0, 4
48938, 0, 0
50709, 1, 4, 51370
52479, 1, 0, 53226
54314, 1, 3, 55679
56106, 0, 4
57002, 0, 4
57877, 1, 0, 59242
59669, 0, 0
60629, 0, 0
61503, 1, 4, 62826
63253, 0, 4
64170, 0, 0
65087, 0, 4
66005, 0, 0
66879, 0, 4
67797, 0, 0
68693, 0, 4
69567, 0, 0
70399, 0, 3
71359, 0, 1
72213, 1, 3, 73557
74431, 0, 3
75370, 0, 1
76266, 0, 3
77119, 0, 1
77994, 0, 3
78933, 0, 1
80661, 0, 0
81578, 0, 4
82431, 0, 0
83349, 0, 4
84309, 0, 0
85183, 0, 4
86122, 0, 3
86591, 0, 1
87871, 0, 1
88341, 0, 3
89706, 0, 4
90154, 0, 0
91477, 0, 0
91925, 0, 4
93738, 0, 4
95509, 0, 0
97279, 0, 3
99093, 0, 1
100885, 0, 4
102229, 0, 0
104042, 0, 4
105813, 0, 3
107605, 0, 1
109354, 0, 4
112021, 0, 0
115178, 0, 4
117034, 0, 0
118719, 0, 4
120554, 0, 0
122367, 1, 4, 123050
124181, 1, 0, 124842
125973, 0, 3
126911, 0, 1
127765, 0, 4
128682, 0, 0
129493, 1, 0, 130858
131797, 0, 4
132693, 0, 0
133589, 0, 4
134463, 0, 0
135359, 0, 4
136277, 0, 0
137173, 0, 3
138069, 0, 1
138943, 0, 3
139861, 0, 1
140714, 0, 3
141610, 0, 1
142485, 0, 4
143423, 0, 0
143829, 1, 4, 145194
145685, 1, 0, 147007
147413, 1, 3, 148778
149183, 1, 1, 150570
151466, 0, 4
152362, 0, 0
153301, 0, 3
154133, 0, 1
155050, 0, 3
155989, 0, 1
156863, 0, 3
157738, 0, 1
158613, 0, 4
159552, 0, 0
160469, 0, 4
161365, 0, 0
162218, 0, 4
163135, 0, 0
164031, 0, 3
164949, 0, 1
165802, 0, 3
166698, 0, 1
167573, 0, 4
168447, 0, 0
169365, 0, 3
170303, 0, 1
171178, 0, 4
172138, 0, 0
176533, 0, 3
177429, 0, 1
178367, 0, 3
179242, 0, 1
183274, 1, 4, 0