[Description]
Title: Underground Sound
Artist: joey valence

[Audio]
BPM: 105
Offset: 2000
Signature: 4/4

[Note]
2837, 1, 1, 2943
5119, 0, 2
7423, 1, 0, 7551
9621, 0, 2
10133, 0, 1
10751, 1, 0, 10901
11391, 1, 1, 11519
11903, 0, 2
12479, 0, 1
13098, 0, 0
13610, 0, 2
14229, 1, 1, 14378
14805, 0, 1
15338, 1, 0, 15487
15893, 0, 0
16511, 0, 1
17066, 1, 1, 17237
17642, 0, 2
18239, 0, 0
18879, 0, 1
19370, 0, 2
19903, 1, 1, 20031
20223, 1, 0, 20373
20821, 0, 0
21183, 0, 1
21674, 0, 2
22207, 0, 0
22463, 0, 1
23103, 1, 1, 23231
23402, 0, 2
23637, 0, 0
24255, 0, 1
24511, 0, 2
25343, 1, 1, 25450
25621, 0, 0
26133, 1, 0, 26282
26730, 0, 1
27349, 0, 2
27882, 0, 0
28501, 0, 1
29119, 1, 1, 29290
29375, 1, 0, 29461
29695, 0, 3
30826, 1, 1, 30954
31402, 0, 2
31935, 0, 1
32469, 0, 0
33023, 1, 0, 33173
33599, 0, 1
34218, 0, 0
34794, 1, 0, 34943
35327, 1, 1, 35455
35946, 0, 2
36138, 0, 2
36458, 0, 0
37077, 0, 1
37653, 1, 1, 37802
38271, 0, 0
38826, 1, 0, 38954
39359, 0, 1
39893, 0, 2
41749, 0, 2
42218, 0, 1
42773, 1, 0, 42922
43370, 0, 0
43967, 1, 1, 44117
44458, 0, 2
45034, 0, 1
45610, 0, 0
46186, 1, 0, 46314
46463, 0, 2
47274, 1, 1, 47445
47957, 0, 0
48533, 0, 1
49087, 1, 0, 49237
49706, 0, 0
50261, 0, 2
50815, 1, 0, 50986
51093, 1, 1, 51242
51349, 0, 1
51967, 0, 0
52522, 0, 2
53077, 1, 1, 53226
53631, 0, 0
54229, 0, 1
55082, 0, 2
55359, 0, 1
55935, 0, 4
56511, 0, 1
57066, 0, 0
57621, 1, 1, 57770
58794, 1, 0, 58943
59391, 0, 2
59903, 0, 1
60437, 1, 1, 60586
60991, 0, 0
61589, 0, 2
62186, 1, 0, 62357
62698, 0, 1
63231, 1, 1, 63381
63658, 0, 2
64959, 0, 2
65535, 0, 1
66197, 0, 0
66773, 0, 2
67391, 1, 1, 67477
67605, 1, 0, 67754
68266, 0, 0
68501, 0, 1
69119, 0, 2
69653, 0, 0
70165, 1, 1, 70314
70741, 1, 0, 70890
71402, 0, 0
71615, 0, 1
71935, 0, 2
73045, 1, 1, 73194
73621, 0, 0
74133, 0, 2
74730, 0, 1
75263, 1, 1, 75391
75541, 0, 0
75861, 1, 0, 75989
76543, 1, 2, 77653
78250, 0, 2
79594, 1, 1, 79743
79893, 1, 0, 80042
80511, 0, 0
81087, 0, 1
81663, 0, 2
82282, 0, 0
82815, 1, 1, 82986
83861, 0, 1
84543, 0, 2
85034, 1, 0, 85183
85589, 0, 0
86207, 1, 1, 86357
86783, 1, 0, 86954
87935, 1, 2, 89130
89706, 1, 1, 89834
90730, 0, 0
91349, 0, 2
91946, 0, 1
93055, 1, 0, 93183
93631, 0, 0
94207, 1, 1, 94378
94826, 0, 2
95402, 1, 2, 96298
96575, 0, 0
97685, 0, 0
98282, 0, 1
98837, 0, 2
99370, 1, 1, 99541
101141, 0, 0
101653, 1, 1, 101781
102143, 0, 2
102783, 0, 0
103295, 1, 0, 103445
103871, 0, 1
104213, 1, 1, 104362
104469, 0, 0
106303, 0, 2
106794, 0, 1
107349, 0, 0
108010, 1, 1, 108202
108479, 1, 0, 108650
109034, 0, 0
109653, 0, 1
110250, 0, 2
110783, 1, 1, 110911
111317, 0, 0
111893, 1, 0, 112021
112234, 0, 1
112511, 0, 2
113130, 0, 0
114133, 1, 1, 114261
114751, 1, 0, 114901
115306, 0, 1
115903, 0, 2
116842, 0, 0
117098, 1, 0, 117205
117653, 0, 1
118271, 0, 2
118783, 1, 1, 118954
119381, 0, 1
119935, 0, 2
120533, 1, 1, 120661
120746, 1, 0, 120874
121087, 0, 0
121663, 0, 1
122218, 0, 2
122815, 1, 0, 122986
123370, 1, 0, 123541
123946, 0, 2
124522, 0, 1
125077, 1, 1, 125205
125653, 0, 0
126271, 0, 2
127338, 0, 1
127893, 1, 1, 128042
128511, 0, 0
129578, 0, 0
130197, 1, 1, 130325
129109, 1, 2, 130794
131029, 0, 2
131029, 1, 0, 131157
131967, 0, 1
132543, 0, 0
133077, 0, 2
133973, 0, 1
134293, 0, 0
134890, 1, 1, 135061
135381, 1, 0, 135552
135893, 0, 2
138303, 0, 2
139455, 1, 0, 139562
140501, 0, 0
142229, 0, 0
142783, 0, 1
143359, 1, 1, 143530
144469, 0, 2
145023, 1, 0, 145194
145663, 0, 3
146879, 0, 0
147306, 1, 0, 147583
148031, 0, 2
148543, 0, 1
149055, 1, 1, 149205
149631, 1, 1, 149823
150229, 0, 2
150783, 1, 0, 150933
151338, 0, 0
151893, 0, 2
152490, 0, 1
153109, 0, 1
153663, 0, 2
154218, 0, 0
154709, 1, 1, 154879
155349, 1, 0, 155498
155903, 0, 2
156479, 0, 1
157055, 0, 2
157653, 0, 2
158186, 0, 0
158826, 1, 0, 158997
159295, 0, 1
159871, 0, 1
160426, 0, 2
161066, 0, 0
162495, 1, 1, 162623
162837, 1, 0, 163029
161599, 1, 2, 163967
164501, 0, 0
165055, 0, 1
165653, 0, 2
166229, 0, 2
166783, 0, 0
167381, 1, 0, 167552
167850, 0, 1
168447, 1, 1, 168639
169045, 1, 1, 169194
169642, 0, 3
170154, 1, 0, 170325
170730, 1, 1, 170901
171306, 0, 0
171903, 1, 0, 172074
172415, 0, 2
173055, 0, 1
173674, 0, 4
174229, 0, 2
174805, 0, 1
175423, 1, 0, 175552
