[Description]
Title: Bones
Artist: Imagine Dragons

[Audio]
BPM: 120
Offset: 1500
Signature: 4/4

[Note]
4991, 0, 0
7125, 0, 4
9215, 0, 1
11285, 0, 3
13439, 1, 0, 14997
15637, 1, 4, 17066
17706, 1, 1, 18922
19754, 1, 3, 20757
21866, 0, 0
21866, 0, 4
22997, 0, 1
22997, 0, 3
24042, 0, 4
24042, 0, 0
25066, 0, 1
25066, 0, 3
26047, 0, 0
26047, 0, 4
27050, 0, 3
27050, 0, 1
28095, 0, 0
28117, 0, 4
28543, 0, 1
28543, 0, 3
29141, 0, 2
30335, 1, 0, 31338
32469, 1, 4, 33535
34538, 1, 1, 35626
36671, 1, 3, 37759
38762, 0, 0
39274, 0, 4
39786, 0, 1
40298, 0, 3
40874, 0, 2
42965, 1, 0, 44095
42965, 1, 4, 44095
45055, 1, 3, 46143
45055, 1, 1, 46143
47253, 0, 0
49301, 0, 4
51370, 0, 1
53439, 0, 3
55594, 0, 0
56085, 0, 4
56597, 0, 1
57087, 0, 3
57663, 0, 2
58239, 0, 0
58730, 0, 4
59263, 0, 1
59775, 0, 3
60309, 0, 2
63914, 1, 4, 65173
63914, 1, 0, 65173
66026, 1, 1, 67135
66026, 1, 3, 67135
68287, 1, 0, 69226
68287, 1, 4, 69226
70293, 1, 3, 71338
70293, 1, 1, 71338
72362, 0, 0
72597, 0, 4
72874, 0, 1
73130, 0, 3
73450, 0, 2
76629, 0, 0
77674, 0, 4
78741, 0, 1
79786, 0, 3
80874, 0, 0
81877, 0, 4
82922, 0, 1
83946, 0, 3
85013, 1, 0, 86634
86058, 0, 4
87146, 1, 4, 88533
88170, 0, 0
91392, 0, 0
91392, 0, 4
91925, 0, 1
91946, 0, 3
92415, 0, 2
95573, 0, 0
95573, 0, 4
96063, 0, 3
96063, 0, 1
96618, 0, 2